# %ECSV 1.0
# ---
# datatype:
# - {name: l/D, datatype: float64}
# - {name: contr, datatype: float64}
# - {name: lambda, datatype: float64}
# - {name: t_int_hr, datatype: float64}
# - {name: fpp, datatype: float64}
# - {name: SNR, datatype: float64}
# meta: !!omap
# - {comments: 'Short caption: Roman_pred_imaging_long_opti.txt was generated with corgietc (https://github.com/roman-corgi/corgietc)
#     version 1.6.0 running on EXOSIMS version 3.6.5. The data in this file was generated using observing mode OPT_IMG_NFB1_HLC for a
#     synthetic G5V star with V mag = 5.0. The local zodi flux was set to 6.31e-10 1 / arcsec2 photons and the exozodi intensity was set
#     to 4.68e-01 ph / (s arcsec2 m2). For any integration times of 10000 hours, the mode''s saturation curve was computed instead. Calculations
#     were done assuming the mission was at 639.1875 d at L2.'}
# schema: astropy-2.0
l/D contr lambda t_int_hr fpp SNR
3.131 3.773208208740061e-09 575.0 10000.0 2.0 5.0
3.188373737373737 3.773208208741296e-09 575.0 10000.0 2.0 5.0
3.245747474747475 3.773208208741296e-09 575.0 10000.0 2.0 5.0
3.303121212121212 3.773208208741311e-09 575.0 10000.0 2.0 5.0
3.3604949494949494 3.773208208741296e-09 575.0 10000.0 2.0 5.0
3.4178686868686867 3.773208208741296e-09 575.0 10000.0 2.0 5.0
3.475242424242424 3.773208208741311e-09 575.0 10000.0 2.0 5.0
3.5326161616161613 3.773208208741296e-09 575.0 10000.0 2.0 5.0
3.5899898989898986 3.773208208741311e-09 575.0 10000.0 2.0 5.0
3.6473636363636364 3.773208208741311e-09 575.0 10000.0 2.0 5.0
3.7047373737373737 3.77320820874003e-09 575.0 10000.0 2.0 5.0
3.762111111111111 3.773208208741311e-09 575.0 10000.0 2.0 5.0
3.8194848484848483 3.773208208741311e-09 575.0 10000.0 2.0 5.0
3.8768585858585856 3.773208208741296e-09 575.0 10000.0 2.0 5.0
3.934232323232323 3.773208208741296e-09 575.0 10000.0 2.0 5.0
3.99160606060606 3.773208208741311e-09 575.0 10000.0 2.0 5.0
4.048979797979798 2.5022394699612724e-09 575.0 10000.0 2.0 5.0
4.106353535353535 2.5022394699612724e-09 575.0 10000.0 2.0 5.0
4.1637272727272725 2.5022394699612625e-09 575.0 10000.0 2.0 5.0
4.22110101010101 2.5022394699612724e-09 575.0 10000.0 2.0 5.0
4.278474747474747 2.5022394699612625e-09 575.0 10000.0 2.0 5.0
4.335848484848484 2.5022394699612724e-09 575.0 10000.0 2.0 5.0
4.393222222222223 2.5022394699612625e-09 575.0 10000.0 2.0 5.0
4.450595959595959 2.5022394699612724e-09 575.0 10000.0 2.0 5.0
4.507969696969697 2.5022394699612724e-09 575.0 10000.0 2.0 5.0
4.565343434343434 2.5022394699612625e-09 575.0 10000.0 2.0 5.0
4.622717171717172 2.5022394699612724e-09 575.0 10000.0 2.0 5.0
4.680090909090909 2.5022394699612724e-09 575.0 10000.0 2.0 5.0
4.737464646464646 2.5022394699612625e-09 575.0 10000.0 2.0 5.0
4.794838383838384 2.5022394699612724e-09 575.0 10000.0 2.0 5.0
4.852212121212121 2.5022394699612625e-09 575.0 10000.0 2.0 5.0
4.909585858585858 2.5022394699612724e-09 575.0 10000.0 2.0 5.0
4.9669595959595965 2.5022394699612724e-09 575.0 10000.0 2.0 5.0
5.024333333333333 1.521073947423954e-09 575.0 10000.0 2.0 5.0
5.081707070707071 1.5210739474239478e-09 575.0 10000.0 2.0 5.0
5.1390808080808075 1.5210739474239478e-09 575.0 10000.0 2.0 5.0
5.196454545454546 1.5210739474238918e-09 575.0 10000.0 2.0 5.0
5.253828282828282 1.5210739474238918e-09 575.0 10000.0 2.0 5.0
5.31120202020202 1.5210739474238856e-09 575.0 10000.0 2.0 5.0
5.368575757575757 1.5210739474239478e-09 575.0 10000.0 2.0 5.0
5.425949494949495 1.521073947423954e-09 575.0 10000.0 2.0 5.0
5.483323232323232 1.521073947423954e-09 575.0 10000.0 2.0 5.0
5.5406969696969695 1.5210739474239478e-09 575.0 10000.0 2.0 5.0
5.598070707070707 1.5210739474239478e-09 575.0 10000.0 2.0 5.0
5.655444444444444 1.5210739474239478e-09 575.0 10000.0 2.0 5.0
5.712818181818182 1.5210739474239478e-09 575.0 10000.0 2.0 5.0
5.7701919191919195 1.521073947423954e-09 575.0 10000.0 2.0 5.0
5.827565656565656 1.521073947423954e-09 575.0 10000.0 2.0 5.0
5.884939393939394 1.5210739474239478e-09 575.0 10000.0 2.0 5.0
5.942313131313131 1.5210739474239478e-09 575.0 10000.0 2.0 5.0
5.999686868686869 1.5210739474239478e-09 575.0 10000.0 2.0 5.0
6.057060606060605 1.521073947423954e-09 575.0 10000.0 2.0 5.0
6.114434343434343 1.52107394742401e-09 575.0 10000.0 2.0 5.0
6.1718080808080815 1.52107394742401e-09 575.0 10000.0 2.0 5.0
6.229181818181818 1.5210739474240039e-09 575.0 10000.0 2.0 5.0
6.286555555555555 1.5210739474240039e-09 575.0 10000.0 2.0 5.0
6.3439292929292925 1.52107394742401e-09 575.0 10000.0 2.0 5.0
6.401303030303031 1.52107394742401e-09 575.0 10000.0 2.0 5.0
6.458676767676767 1.5210739474240039e-09 575.0 10000.0 2.0 5.0
6.516050505050504 1.5210739474240039e-09 575.0 10000.0 2.0 5.0
6.573424242424243 1.52107394742401e-09 575.0 10000.0 2.0 5.0
6.63079797979798 1.52107394742401e-09 575.0 10000.0 2.0 5.0
6.688171717171717 1.5210739474240039e-09 575.0 10000.0 2.0 5.0
6.745545454545454 1.5210739474240473e-09 575.0 10000.0 2.0 5.0
6.802919191919192 1.5210739474239478e-09 575.0 10000.0 2.0 5.0
6.86029292929293 1.5210739474239478e-09 575.0 10000.0 2.0 5.0
6.917666666666666 1.5210739474239478e-09 575.0 10000.0 2.0 5.0
6.975040404040403 1.5210739474240473e-09 575.0 10000.0 2.0 5.0
7.032414141414141 1.52107394742401e-09 575.0 10000.0 2.0 5.0
7.089787878787879 1.52107394742401e-09 575.0 10000.0 2.0 5.0
7.147161616161616 1.52107394742401e-09 575.0 10000.0 2.0 5.0
7.204535353535353 1.52107394742401e-09 575.0 10000.0 2.0 5.0
7.26190909090909 1.5210739474240163e-09 575.0 10000.0 2.0 5.0
7.319282828282828 1.5210739474240163e-09 575.0 10000.0 2.0 5.0
7.376656565656566 1.52107394742401e-09 575.0 10000.0 2.0 5.0
7.434030303030302 1.5210739474239478e-09 575.0 10000.0 2.0 5.0
7.49140404040404 1.5210739474234253e-09 575.0 10000.0 2.0 5.0
7.548777777777778 1.5210739474239478e-09 575.0 10000.0 2.0 5.0
7.606151515151515 1.521073947423954e-09 575.0 10000.0 2.0 5.0
7.663525252525251 1.5210739474239478e-09 575.0 10000.0 2.0 5.0
7.7208989898989895 1.5210739474239478e-09 575.0 10000.0 2.0 5.0
7.778272727272728 1.5210739474238918e-09 575.0 10000.0 2.0 5.0
7.835646464646464 1.521073947423898e-09 575.0 10000.0 2.0 5.0
7.893020202020201 1.5210739474240039e-09 575.0 10000.0 2.0 5.0
7.950393939393939 1.5210739474239478e-09 575.0 10000.0 2.0 5.0
8.007767676767676 1.4155286164425289e-09 575.0 10000.0 2.0 5.0
8.065141414141413 1.4155286164425289e-09 575.0 10000.0 2.0 5.0
8.12251515151515 1.4155286164425289e-09 575.0 10000.0 2.0 5.0
8.17988888888889 1.4155286164425289e-09 575.0 10000.0 2.0 5.0
8.237262626262627 1.4155286164425289e-09 575.0 10000.0 2.0 5.0
8.294636363636362 1.4155286164425289e-09 575.0 10000.0 2.0 5.0
8.3520101010101 1.4155286164425289e-09 575.0 10000.0 2.0 5.0
8.409383838383839 1.4155286164425289e-09 575.0 10000.0 2.0 5.0
8.466757575757576 1.4155286164425289e-09 575.0 10000.0 2.0 5.0
8.524131313131312 1.4155286164425289e-09 575.0 10000.0 2.0 5.0
8.581505050505049 1.4155286164425289e-09 575.0 10000.0 2.0 5.0
8.638878787878788 1.4155286164425289e-09 575.0 10000.0 2.0 5.0
8.696252525252525 1.4155286164425289e-09 575.0 10000.0 2.0 5.0
8.753626262626263 1.4155286164425289e-09 575.0 10000.0 2.0 5.0
8.811 1.4155286164425289e-09 575.0 10000.0 2.0 5.0
