# %ECSV 1.0
# ---
# datatype:
# - {name: l/D, datatype: float64}
# - {name: contr, datatype: float64}
# - {name: lambda, datatype: float64}
# - {name: t_int_hr, datatype: float64}
# - {name: fpp, datatype: float64}
# - {name: SNR, datatype: float64}
# schema: astropy-2.0
l/D contr lambda t_int_hr fpp SNR
6.0600000000000005 8.901771274179328e-09 825.0 25.0 2.0 5.0
6.196787878787879 8.57934906129781e-09 825.0 25.0 2.0 5.0
6.333575757575757 8.367708754145444e-09 825.0 25.0 2.0 5.0
6.470363636363637 8.246864657162698e-09 825.0 25.0 2.0 5.0
6.607151515151515 8.197185982680742e-09 825.0 25.0 2.0 5.0
6.743939393939394 8.117979175504075e-09 825.0 25.0 2.0 5.0
6.880727272727273 8.005366124701248e-09 825.0 25.0 2.0 5.0
7.017515151515153 7.874726639968869e-09 825.0 25.0 2.0 5.0
7.154303030303032 7.752353093146392e-09 825.0 25.0 2.0 5.0
7.291090909090909 7.655292833136354e-09 825.0 25.0 2.0 5.0
7.427878787878789 7.588054760863303e-09 825.0 25.0 2.0 5.0
7.5646666666666675 5.912781187798227e-09 825.0 25.0 2.0 5.0
7.701454545454546 5.872523032856975e-09 825.0 25.0 2.0 5.0
7.838242424242424 5.834598817670201e-09 825.0 25.0 2.0 5.0
7.975030303030303 5.825137905199732e-09 825.0 25.0 2.0 5.0
8.111818181818181 5.8156088690449e-09 825.0 25.0 2.0 5.0
8.248606060606061 5.799571382822387e-09 825.0 25.0 2.0 5.0
8.385393939393941 5.771653939682227e-09 825.0 25.0 2.0 5.0
8.522181818181819 4.54726154332812e-09 825.0 25.0 2.0 5.0
8.658969696969699 4.564258366183652e-09 825.0 25.0 2.0 5.0
8.795757575757577 4.542167251652231e-09 825.0 25.0 2.0 5.0
8.932545454545455 4.520218324874551e-09 825.0 25.0 2.0 5.0
9.069333333333335 4.493304234785857e-09 825.0 25.0 2.0 5.0
9.206121212121213 4.463182959797158e-09 825.0 25.0 2.0 5.0
9.34290909090909 4.4562462320421135e-09 825.0 25.0 2.0 5.0
9.47969696969697 4.453363724633273e-09 825.0 25.0 2.0 5.0
9.616484848484848 4.453373094323467e-09 825.0 25.0 2.0 5.0
9.753272727272728 4.453373094323467e-09 825.0 25.0 2.0 5.0
9.890060606060608 4.453373094323467e-09 825.0 25.0 2.0 5.0
10.026848484848486 4.453373094323467e-09 825.0 25.0 2.0 5.0
10.163636363636366 4.453373094323467e-09 825.0 25.0 2.0 5.0
10.300424242424244 4.465636563032327e-09 825.0 25.0 2.0 5.0
10.437212121212122 4.477864567892063e-09 825.0 25.0 2.0 5.0
10.574000000000002 4.477864567892063e-09 825.0 25.0 2.0 5.0
10.71078787878788 4.477873286733101e-09 825.0 25.0 2.0 5.0
10.847575757575758 4.477880279396132e-09 825.0 25.0 2.0 5.0
10.984363636363637 4.477880279396132e-09 825.0 25.0 2.0 5.0
11.121151515151515 4.477880279396132e-09 825.0 25.0 2.0 5.0
11.257939393939395 4.474822867539854e-09 825.0 25.0 2.0 5.0
11.394727272727275 4.467621256167321e-09 825.0 25.0 2.0 5.0
11.531515151515153 4.467344090501857e-09 825.0 25.0 2.0 5.0
11.668303030303033 4.467349451389299e-09 825.0 25.0 2.0 5.0
11.80509090909091 4.467359794332767e-09 825.0 25.0 2.0 5.0
11.941878787878789 4.467359794332767e-09 825.0 25.0 2.0 5.0
12.078666666666669 4.467359794332767e-09 825.0 25.0 2.0 5.0
12.215454545454545 4.467359794332767e-09 825.0 25.0 2.0 5.0
12.352242424242425 4.467359794332767e-09 825.0 25.0 2.0 5.0
12.489030303030304 4.467366784113651e-09 825.0 25.0 2.0 5.0
12.625818181818182 4.46737548869541e-09 825.0 25.0 2.0 5.0
12.762606060606062 4.46737548869541e-09 825.0 25.0 2.0 5.0
12.899393939393942 4.46737548869541e-09 825.0 25.0 2.0 5.0
13.036181818181818 4.4673783468021225e-09 825.0 25.0 2.0 5.0
13.172969696969698 4.467278050835084e-09 825.0 25.0 2.0 5.0
13.309757575757576 4.467280189096922e-09 825.0 25.0 2.0 5.0
13.446545454545456 4.467280189096922e-09 825.0 25.0 2.0 5.0
13.583333333333336 4.467280189096922e-09 825.0 25.0 2.0 5.0
13.720121212121214 4.467289621570852e-09 825.0 25.0 2.0 5.0
13.856909090909092 4.46729588678389e-09 825.0 25.0 2.0 5.0
13.993696969696972 4.46729588678389e-09 825.0 25.0 2.0 5.0
14.13048484848485 4.46729588678389e-09 825.0 25.0 2.0 5.0
14.26727272727273 4.46729588678389e-09 825.0 25.0 2.0 5.0
14.404060606060607 4.46729588678389e-09 825.0 25.0 2.0 5.0
14.540848484848484 4.46729588678389e-09 825.0 25.0 2.0 5.0
14.677636363636367 4.46729588678389e-09 825.0 25.0 2.0 5.0
14.814424242424243 4.467296994213341e-09 825.0 25.0 2.0 5.0
14.951212121212125 4.467307726065914e-09 825.0 25.0 2.0 5.0
15.088000000000001 4.467311587763808e-09 825.0 25.0 2.0 5.0
15.224787878787879 4.467313531792648e-09 825.0 25.0 2.0 5.0
15.361575757575759 4.467324260092686e-09 825.0 25.0 2.0 5.0
15.498363636363639 4.467327273897705e-09 825.0 25.0 2.0 5.0
15.635151515151517 4.4673300310748576e-09 825.0 25.0 2.0 5.0
15.771939393939396 4.467340742466216e-09 825.0 25.0 2.0 5.0
15.908727272727274 4.467360008254509e-09 825.0 25.0 2.0 5.0
16.04551515151515 4.4673743294196634e-09 825.0 25.0 2.0 5.0
16.182303030303032 4.4673743294196634e-09 825.0 25.0 2.0 5.0
16.31909090909091 4.467346313903543e-09 825.0 25.0 2.0 5.0
16.45587878787879 4.4731603252664e-09 825.0 25.0 2.0 5.0
16.592666666666666 4.4876157945652755e-09 825.0 25.0 2.0 5.0
16.729454545454548 4.501981443979782e-09 825.0 25.0 2.0 5.0
16.866242424242426 4.523523238570917e-09 825.0 25.0 2.0 5.0
17.003030303030304 4.552919354148806e-09 825.0 25.0 2.0 5.0
17.139818181818185 4.582682213820785e-09 825.0 25.0 2.0 5.0
17.276606060606063 4.576561028248424e-09 825.0 25.0 2.0 5.0
17.41339393939394 4.545830258256202e-09 825.0 25.0 2.0 5.0
17.55018181818182 4.553256640917683e-09 825.0 25.0 2.0 5.0
17.6869696969697 4.560780294169183e-09 825.0 25.0 2.0 5.0
17.823757575757575 4.5679587950416156e-09 825.0 25.0 2.0 5.0
17.960545454545457 4.57248582518142e-09 825.0 25.0 2.0 5.0
18.097333333333335 4.6131345428648165e-09 825.0 25.0 2.0 5.0
18.234121212121213 4.6741860079636225e-09 825.0 25.0 2.0 5.0
18.37090909090909 4.750456567346045e-09 825.0 25.0 2.0 5.0
18.507696969696973 4.8381308874884155e-09 825.0 25.0 2.0 5.0
18.64448484848485 4.939659734454081e-09 825.0 25.0 2.0 5.0
18.78127272727273 5.086059304131575e-09 825.0 25.0 2.0 5.0
18.91806060606061 5.208032082224882e-09 825.0 25.0 2.0 5.0
19.054848484848485 6.6937542044597e-09 825.0 25.0 2.0 5.0
19.191636363636366 6.8043277518394705e-09 825.0 25.0 2.0 5.0
19.328424242424244 6.90644781260006e-09 825.0 25.0 2.0 5.0
19.465212121212126 7.0605352125361855e-09 825.0 25.0 2.0 5.0
19.602 7.326965374468271e-09 825.0 25.0 2.0 5.0
